[?25l[49m                 [38;2;78;95;174m▄[38;2;79;104;180m▄[38;2;80;112;185;49m▄[38;2;79;120;190;49m▄[38;2;80;128;195;49m▄                  [0m
[49m              [38;2;77;71;158m▄[38;2;77;77;162;48;2;77;81;165m▌[38;2;78;85;168;48;2;77;89;170m▌[38;2;78;93;173;48;2;79;97;175m▌[38;2;79;101;178;48;2;79;105;181m▌[38;2;79;109;183;48;2;80;113;186m▌[38;2;79;117;189;48;2;80;121;191m▌[38;2;81;125;194;48;2;81;129;196m▌[38;2;82;132;199;48;2;82;136;202m▌[38;2;83;139;204;48;2;84;143;207m▌[38;2;85;148;211;49m▄[38;2;86;155;216;49m▄              [0m
[49m          [38;2;109;65;142m▄[38;2;96;62;145;49m▄[38;2;86;61;148;48;2;79;59;149m▌[38;2;76;60;151;48;2;76;64;154m▌[38;2;77;68;157;48;2;77;72;159m▌[38;2;77;76;162;48;2;77;80;165m▌[38;2;77;84;167;48;2;77;88;170m▌[38;2;78;94;174;49m▀[38;2;78;102;179;49m▀[49m [49m [38;2;81;126;195;49m▀[38;2;82;133;200;49m▀[38;2;83;139;204;48;2;84;142;207m▌[38;2;84;145;209;48;2;85;149;212m▌[38;2;86;152;215;48;2;87;156;217m▌[38;2;88;159;220;48;2;88;163;223m▌[38;2;89;166;225;48;2;89;170;228m▌[38;2;90;175;232;49m▄[49m           [0m
[49m       [38;2;149;73;132m▄[38;2;139;71;135;48;2;133;70;137m▌[38;2;126;69;138;48;2;119;67;140m▌[38;2;113;66;141;48;2;106;65;143m▌[38;2;100;63;144;48;2;94;62;146m▌[38;2;87;61;148;48;2;81;60;149m▌[38;2;76;61;152;49m▀[38;2;76;69;157;49m▀[49m [49m        [49m [38;2;86;154;215;49m▀[38;2;87;159;219;48;2;88;162;222m▌[38;2;89;166;225;48;2;89;169;227m▌[38;2;90;173;230;48;2;91;176;233m▌[38;2;92;180;235;48;2;93;183;238m▌[38;2;93;187;241;48;2;93;188;242m▌[38;2;93;187;242;49m▄[38;2;93;187;242;49m▄       [0m
[49m     [38;2;178;79;124;48;2;173;78;127m▌[38;2;166;77;128;48;2;160;75;130m▌[38;2;153;74;132;48;2;147;73;133m▌[38;2;140;72;135;48;2;134;70;136m▌[38;2;127;69;138;48;2;121;68;140m▌[38;2;111;65;142;49m▀[38;2;98;63;145;49m▀     [38;2;255;192;182m▄[38;2;255;189;180;48;2;255;187;178m▌[38;2;255;185;176;48;2;255;183;175m▌[38;2;255;180;173;48;2;255;178;171m▌[38;2;255;176;169;48;2;255;174;168m▌[38;2;255;157;153;49m▄     [38;2;90;174;231m▀[38;2;92;181;236m▀[38;2;93;186;240;48;2;93;187;242m▌[38;2;93;188;242;48;2;94;188;242m▖ [38;2;94;188;242;48;2;94;187;242m▄[38;2;93;187;242;49m▄[49m     [0m
[49m    [38;2;193;81;121;48;2;187;81;123m▌[38;2;180;80;125;48;2;174;78;127m▌[38;2;167;77;128;48;2;161;76;130m▌[38;2;151;73;132;49m▀[49m [49m       [38;2;255;196;185m▄[38;2;255;193;183;48;2;255;191;182m▌[38;2;255;189;180;48;2;255;187;178m▌[38;2;255;185;176;48;2;255;183;175m▌[38;2;255;180;173;48;2;255;178;171m▌[38;2;255;176;169;48;2;255;174;168m▌[38;2;255;172;166;48;2;255;170;164m▌[38;2;255;167;162;49m▄[49m       [49m [38;2;95;185;242;48;2;93;188;242m▖[48;2;94;188;242m  [38;2;95;185;242;48;2;93;188;242m▝[49m    [0m
[49m    [38;2;194;82;122;48;2;188;81;123m▌[38;2;182;80;125;48;2;175;79;126m▌[38;2;169;77;128;48;2;162;76;129m▌[49m [49m       [38;2;255;200;189m▄[38;2;255;197;187;48;2;255;195;185m▌[38;2;255;193;183;48;2;255;191;182m▌[38;2;255;189;180;48;2;255;187;178m▌[49m [38;2;255;182;176;49m▀[38;2;255;176;169;48;2;255;174;168m▌[38;2;255;172;166;48;2;255;170;164m▌[38;2;255;168;163;48;2;255;166;161m▌[38;2;255;166;163;49m▄[49m        [38;2;93;188;242;49m▀[38;2;93;188;242;49m▀[38;2;74;203;244;49m▀[49m    [0m
[49m    [38;2;195;83;121;48;2;189;81;123m▌[38;2;183;80;124;48;2;176;79;126m▌[38;2;170;78;127;48;2;163;76;129m▌[49m [49m      [38;2;255;204;193m▄[38;2;255;201;190;48;2;255;199;188m▌[38;2;255;197;187;48;2;255;195;185m▌[38;2;255;191;182;48;2;255;192;183m▝[49m [49m  [38;2;255;175;168m▀[38;2;255;172;166;48;2;255;170;164m▌[38;2;255;168;163;48;2;255;166;161m▌[38;2;255;164;159;48;2;255;162;157m▌[38;2;255;155;152;49m▄    [38;2;255;138;137m▄[38;2;255;134;134m▄[38;2;255;131;132;48;2;255;129;130m▌[38;2;255;126;128;48;2;255;125;127m▌[38;2;255;124;126;48;2;255;125;127m▘[38;2;255;125;127;49m▌[49m    [0m
[49m    [38;2;197;83;121;48;2;191;82;122m▌[38;2;184;80;124;48;2;178;79;126m▌[38;2;171;78;127;48;2;165;77;129m▌[49m [49m     [38;2;255;208;196m▄[38;2;255;205;194;48;2;255;203;192m▌[38;2;255;201;190;48;2;255;199;188m▌[38;2;255;197;187;48;2;255;195;184m▌[38;2;255;197;187;48;2;255;195;m▀[49m    [38;2;255;171;165m▀[38;2;255;168;163;48;2;255;166;161m▌[38;2;255;164;159;48;2;255;162;157m▌[38;2;255;160;156;48;2;255;158;154m▌[38;2;255;155;151;49m▄[38;2;255;151;149;48;2;255;149;147m▌[38;2;255;147;145;48;2;255;145;144m▌[38;2;255;139;138;48;2;255;137;137m▌[38;2;255;135;135;48;2;255;133;133m▌[38;2;255;131;132;48;2;255;129;130m▌[38;2;255;126;128;48;2;255;125;127m▌[38;2;255;125;127;49m▀[38;2;255;124;126;49m▀    [0m
[49m    [38;2;198;83;121;48;2;192;82;122m▌[38;2;186;81;124;48;2;179;79;125m▌[38;2;173;78;127;48;2;166;77;128m▌[49m [49m    [38;2;255;208;196m▄[38;2;255;210;197;48;2;255;207;195m▌[38;2;255;205;194;48;2;255;203;192m▌[38;2;255;201;190;48;2;255;199;188m▌[38;2;255;197;189;49m▀[49m    [38;2;255;175;168m▄[38;2;255;171;165;49m▄[38;2;255;168;163;48;2;255;166;161m▌[38;2;255;164;159;48;2;255;162;157m▌[38;2;255;160;156;48;2;255;158;154m▌[38;2;255;156;152;48;2;255;154;151m▌[38;2;255;151;149;48;2;255;149;147m▌[38;2;255;147;145;48;2;255;145;144m▌[38;2;255;142;141;49m▀[38;2;255;138;138;49m▀[49m [49m        [0m
[49m    [38;2;199;83;121;48;2;193;82;122m▌[38;2;187;81;123;48;2;180;80;125m▌[38;2;174;78;127;48;2;167;77;128m▌[49m [49m    [38;2;255;214;200;48;2;255;212;199m▌[38;2;255;210;197;48;2;255;207;195m▌[38;2;255;205;194;48;2;255;203;192m▌[38;2;255;199;188;49m▀[49m [38;2;255;192;182m▄[38;2;255;188;179;49m▄[38;2;255;185;176;48;2;255;183;175m▌[38;2;255;180;173;48;2;255;178;171m▌[38;2;255;176;169;48;2;255;174;168m▌[38;2;255;172;166;48;2;255;170;164m▌[38;2;255;168;163;48;2;255;166;161m▌[38;2;255;163;158;49m▀[38;2;255;159;155;49m▀[49m [38;2;255;204;192;49m▄[38;2;255;179;172m▄           [0m
[49m    [38;2;199;83;120;48;2;195;83;122m▌[38;2;188;81;123;48;2;182;80;125m▌[38;2;175;79;126;48;2;169;77;128m▌[49m    [38;2;255;218;204;48;2;255;216;202m▌[38;2;255;214;200;48;2;255;212;199m▌[38;2;255;210;197;48;2;255;207;195m▌[38;2;255;205;194;48;2;255;203;192m▌[38;2;255;201;190;48;2;255;199;188m▌[38;2;255;197;187;48;2;255;195;185m▌[38;2;255;193;183;48;2;255;191;182m▌[38;2;255;189;180;48;2;255;187;178m▌[38;2;255;185;176;48;2;255;183;175m▌[38;2;255;179;172;49m▀[38;2;255;175;168;49m▀[49m [49m  [38;2;255;236;219;48;2;255;228;212m▀[38;2;255;236;219;48;2;255;228;212m▌[38;2;255;212;199;48;2;255;196;186m▌[38;2;255;181;173;48;2;255;165;160m▌[38;2;255;144;143;49m▄[49m          [0m
[49m    [38;2;199;84;121;48;2;196;83;121m▌[38;2;189;81;123;48;2;183;80;124m▌[38;2;177;79;126;48;2;170;77;128m▌[49m   [38;2;255;222;207;48;2;255;220;206m▌[38;2;255;218;204;48;2;255;216;202m▌[38;2;255;214;200;48;2;255;212;199m▌[38;2;255;210;197;48;2;255;207;195m▌[38;2;255;205;194;48;2;255;203;192m▌[38;2;255;201;190;48;2;255;199;188m▌[38;2;255;197;187;48;2;255;195;185m▌[38;2;255;192;182;49m▀[49m [49m       [38;2;255;231;215m▀[38;2;255;212;199;48;2;255;196;186m▌[38;2;255;181;173;48;2;255;165;160m▌[38;2;255;141;140;49m▀[49m [49m [38;2;94;187;242m▄[38;2;93;187;242m▄[38;2;94;187;242m▄[38;2;94;187;242;49m▄[49m    [0m
[49m    [38;2;200;83;120;48;2;197;83;121m▌[38;2;191;82;122;48;2;184;80;124m▌[38;2;178;79;126;48;2;172;78;127m▌[49m  [38;2;255;226;210;48;2;255;224;209m▌[38;2;255;222;207;48;2;255;220;206m▌[38;2;255;218;204;48;2;255;216;202m▌[38;2;255;214;200;48;2;255;212;199m▌[38;2;255;210;197;48;2;255;207;195m▌[38;2;255;204;193;49m▀[38;2;255;201;188;49m▀          [38;2;92;184;238m▄[38;2;94;187;242m▄[38;2;94;188;242;49m▄[48;2;94;187;242m▄[48;2;94;187;242m▄[48;2;94;188;242m [38;2;94;187;241;48;2;94;188;242m▗[38;2;93;188;242;48;2;94;188;242m▄[38;2;94;187;242;49m▀[49m    [0m
[49m    [38;2;200;83;120;48;2;198;83;121m▌[38;2;192;82;122;48;2;186;81;124m▌[38;2;179;79;125;48;2;173;78;127m▌[49m [38;2;255;230;214;48;2;255;228;213m▌[38;2;255;226;211;48;2;255;224;209m▌[38;2;255;222;207;48;2;255;220;206m▌[38;2;255;218;204;48;2;255;216;202m▌[38;2;255;212;199;48;2;255;214;200m▝[49m [49m       [38;2;83;142;207m▄[38;2;85;151;213m▄[38;2;87;157;218;48;2;88;161;221m▌[38;2;89;165;224;48;2;90;169;228m▌[38;2;90;173;231;48;2;91;178;234m▌[38;2;92;182;237;48;2;93;186;240m▌[38;2;94;187;242;48;2;93;188;242m▖[38;2;93;188;242;48;2;94;188;242m▄[38;2;93;188;242;49m▀[38;2;93;188;242;49m▀[38;2;89;168;226;49m▄[38;2;90;173;230;49m▄[38;2;91;177;234;49m▄[38;2;92;181;237;48;2;93;184;239m▌[38;2;92;181;237;48;2;93;184;239m▗[49m    [0m
[49m     [38;2;193;81;121;48;2;187;81;123m▌[38;2;178;79;125;49m▀[38;2;255;234;218;48;2;255;232;216m▌[38;2;255;230;214;48;2;255;228;213m▌[38;2;255;226;211;48;2;255;224;209m▌[38;2;255;222;207;48;2;255;220;206m▌[38;2;255;217;204;49m▀[49m     [38;2;72;96;171m▄[38;2;76;110;182m▄[38;2;79;121;190;48;2;80;128;196m▌[38;2;82;132;199;48;2;82;136;202m▌[38;2;83;140;205;48;2;84;144;208m▌[38;2;85;149;212;48;2;86;153;215m▌[38;2;87;157;218;48;2;88;161;221m▌[38;2;89;167;226;49m▀[38;2;90;176;232;49m▀[38;2;84;144;208;49m▄[38;2;85;148;212;49m▄[38;2;86;152;214;48;2;87;155;216m▌[38;2;87;157;218;48;2;88;159;220m▌[38;2;88;162;222;48;2;89;164;224m▌[38;2;90;169;227;48;2;89;167;226m▝[38;2;79;129;195;48;2;90;173;230m▄[38;2;65;73;151;48;2;91;177;234m▄[38;2;92;182;238;49m▀[49m [49m    [0m
[49m       [38;2;255;233;217m▀[38;2;255;229;213;49m▀[38;2;255;226;211;48;2;255;224;209m▌[38;2;255;221;207;49m▀[49m   [38;2;61;54;138m▄[38;2;65;68;148;49m▄[38;2;68;79;157;48;2;69;86;162m▌[38;2;71;93;168;48;2;73;100;173m▌[38;2;75;107;179;48;2;77;114;185m▌[38;2;79;121;190;48;2;80;128;196m▌[38;2;82;132;199;48;2;82;136;202m▌[38;2;83;142;206;49m▀[38;2;77;116;187;49m▄[38;2;80;129;197;49m▄[38;2;81;133;200;48;2;82;135;201m▌[38;2;83;138;203;48;2;83;140;205m▌[38;2;84;143;207;48;2;85;145;209m▌[38;2;85;147;211;48;2;85;150;213m▌[38;2;70;92;167;48;2;84;146;209m▗[38;2;57;42;126;48;2;87;157;218m▄[38;2;53;25;114;48;2;74;112;182m▄[38;2;57;43;127;49m▀[38;2;53;25;114;49m▀[49m [49m      [0m
[49m            [38;2;58;24;111m▄[38;2;56;36;123;48;2;58;43;129m▌[38;2;60;50;134;48;2;62;57;140m▌[38;2;64;64;145;48;2;66;72;151m▌[38;2;68;79;157;48;2;69;86;162m▌[38;2;71;93;168;48;2;73;100;173m▌[38;2;76;110;182;49m▀[38;2;64;66;147;49m▄[38;2;68;83;160;49m▄[38;2;72;96;170;48;2;74;104;177m▌[38;2;77;113;184;48;2;79;121;190m▌[38;2;80;128;196;48;2;81;130;198m▌[38;2;82;133;200;48;2;82;135;201m▌[38;2;65;71;150;48;2;81;131;198m▗[38;2;54;28;116;48;2;80;129;196m▄[38;2;65;72;151;48;2;54;27;116m▘[38;2;53;25;114;49m▀[49m [49m          [0m
[49m             [49m [38;2;61;53;137;49m▀[38;2;65;68;148;49m▀[38;2;68;82;159;49m▀[38;2;55;32;119;49m▄[38;2;58;45;130;48;2;61;53;137m▌[38;2;63;62;143;48;2;65;70;150m▌[38;2;68;79;157;48;2;70;87;163m▌[38;2;72;96;170;48;2;74;104;177m▌[38;2;79;121;190;48;2;77;113;184m▝[38;2;62;63;142;48;2;80;127;195m▄[38;2;63;67;145;49m▀[38;2;53;25;114;49m▀[49m [49m             [0m
[49m                 [38;2;55;32;120m▀[38;2;60;49;133m▀[38;2;64;66;146m▀[38;2;69;83;160m▀[38;2;73;100;173m▀[49m [49m                 [0m
[?25h
